33
4
3.89
0.0600005
-4.05
1.9
4.5
1.5
1.14
1.37
1
6
3.7
7.45058e-08
-2.96
-0.2
-168.701
2.2
0.95
1.1
1
2
3.28
-8.9407e-08
-2.75
-3.2
78.3
-1.7
1
1
1
5
1.94
5.96046e-08
-4.05
0.100001
4.8
0.800002
1.73
1.86
1
5
1.02
0.02
-3.41
0.1
-0.1
0.9
1.41
1.46
1
5
0.14
0.0300001
-2.9
-0.6
0.1
0.8
0.98
0.99
1
1
-1.04
-1.49012e-08
-4.07
1.19999
-178
4.1
1
1
1
0
-1.55
0.02
-3.79
-0.1
-0.1
1.5
1
1
1
0
-2.09
0
-3.66
0.4
-2.4
3.2
1.45
1.57
1
6
-2.54
0.0100002
-3.11
-1.4
0.1
-0.199999
1.53
1.73
1
3
-2.55
0.01
-3.17
-0.4
-0.2
0.4
1.58
1.38
1
1
-2.38
0.0200001
-1.97
3
-112.6
-2.2
1.12
1.3
1
2
-3.17
-0.0299999
-3.77
6.50003
-170.701
-23
1
1
1
7
-3.01
3.43
1.44
-12.8
-105.9
0.9
1
1
1
4
3.63
0.04
4.04
0.600003
-177.2
0.399998
1.59
1.87
1
6
1.94
0.02
2.83
-2.3
135.3
-1.4
1.29
1.35
1
6
1.8
0.01
2.7
-1.60001
130
-5.9
0.71
0.74
1
0
1.99
0.03
1.65
-3.3
89.5999
0.1
1.23
1.65
1
1
1.8
0.01
1.17
-1.9
96
-0.2
1
1
1
7
3.98
3.78
3.88
-1.5
-66.8999
0.7
0.68
0.66
1
5
1.14
0.03
4.41
1.09999
177.9
-0.499997
4.93002
0.46
1
4
-1.06
0.0100001
3.8
1
-200.901
3
0.410001
0.64
1
2
0.770002
0.870001
4.2
-11.8
99.6
-3.8
3.65
2.16
1
5
-3.88
0.0199997
4.02
0.1
-0.1
0.5
1.58
1.57
1
4
-2.3
0.03
3.82
1.10001
-179.2
-1.3
1
1
1
5
-3.68
2.8
4.04
1.4
-8.8
2.8
1
1
1
7
-3.71
5.12001
-4.1
5.8
-221.5
0.3
2.01
0.97
1
4
-4.45001
0.03
0
-0.0999963
91.6999
0
3.88
2.42
1
0
-1.93
0.05
1.6
-0.5
14.5
1.8
1.06
1.31
1
3
4.4
1.49012e-08
3.31
-2.2
-102.2
2.5
0.86
0.52
1
6
-2.49
0.02
-1.69
-1.9
106.9
-1.7
1
1
1
6
-3.35
0.02
0
-0.599997
56.7
0
1.5
1.67
1
8
-1.6
4.47035e-08
-0.97
0.9
-122.9
-2.6
1
1
1
